 2016年河北省普通高校招生文理科考生一分一档统计表
文科（含优惠分） 理科（含优惠分）
分数档次
人  数 累计人数 人  数 累计人数
715及以上    14      14
714     4      18
713     4      22
712     5      27
711     9      36
710     4      40
709     7      47
708     9      56
707    13      69
706    11      80
705    13      93
704    10     103
703    14     117
702    12     129
701    24     153
700    15     168
699    22     190
698    23     213
697    33     246
696    23     269
695    25     294
694    27     321
693    50     371
692    33     404
691    42     446
690    36     482
689    44     526
688    48     574
687    39     613
686    54     667
685    53     720
684    57     777
第 1 页
 2016年河北省普通高校招生文理科考生一分一档统计表
文科（含优惠分） 理科（含优惠分）
分数档次
人  数 累计人数 人  数 累计人数
683    60     837
682    63     900
681    59     959
680    82    1041
679    86    1127
678    72    1199
677    73    1272
676    92    1364
675及以上    13      13    78    1442
674     1      14   109    1551
673     5      19    88    1639
672     3      22   108    1747
671     2      24   127    1874
670     3      27   120    1994
669     1      28   114    2108
668     3      31   112    2220
667     8      39   116    2336
666     5      44   103    2439
665    15      59   132    2571
664     7      66   120    2691
663     7      73   144    2835
662     9      82   146    2981
661     7      89   128    3109
660     4      93   122    3231
659    10     103   134    3365
658     4     107   141    3506
657     9     116   167    3673
656    12     128   173    3846
655    16     144   168    4014
654     7     151   189    4203
653    11     162   167    4370
652    16     178   161    4531
第 2 页
 2016年河北省普通高校招生文理科考生一分一档统计表
文科（含优惠分） 理科（含优惠分）
分数档次
人  数 累计人数 人  数 累计人数
651    13     191   202    4733
650    19     210   191    4924
649    11     221   200    5124
648    15     236   208    5332
647    19     255   219    5551
646    21     276   246    5797
645    15     291   244    6041
644    18     309   231    6272
643    23     332   208    6480
642    15     347   219    6699
641    18     365   271    6970
640    19     384   231    7201
639    19     403   217    7418
638    20     423   243    7661
637    21     444   279    7940
636    25     469   246    8186
635    40     509   294    8480
634    21     530   277    8757
633    29     559   280    9037
632    34     593   306    9343
631    33     626   300    9643
630    33     659   315    9958
629    31     690   303   10261
628    30     720   310   10571
627    39     759   331   10902
626    33     792   332   11234
625    29     821   348   11582
624    42     863   337   11919
623    37     900   371   12290
622    39     939   366   12656
621    46     985   362   13018
620    52    1037   332   13350
第 3 页
 2016年河北省普通高校招生文理科考生一分一档统计表
文科（含优惠分） 理科（含优惠分）
分数档次
人  数 累计人数 人  数 累计人数
619    49    1086   339   13689
618    53    1139   370   14059
617    49    1188   348   14407
616    67    1255   346   14753
615    62    1317   436   15189
614    65    1382   367   15556
613    58    1440   409   15965
612    63    1503   425   16390
611    67    1570   391   16781
610    65    1635   427   17208
609    58    1693   430   17638
608    65    1758   454   18092
607    77    1835   429   18521
606    81    1916   425   18946
605    70    1986   410   19356
604    56    2042   439   19795
603    85    2127   449   20244
602    83    2210   467   20711
601   103    2313   484   21195
600    94    2407   456   21651
599    83    2490   486   22137
598    98    2588   480   22617
597   100    2688   474   23091
596   105    2793   536   23627
595    96    2889   500   24127
594   114    3003   482   24609
593   125    3128   503   25112
592    96    3224   491   25603
591    92    3316   527   26130
590   105    3421   508   26638
589   137    3558   545   27183
588   121    3679   586   27769
第 4 页
 2016年河北省普通高校招生文理科考生一分一档统计表
文科（含优惠分） 理科（含优惠分）
分数档次
人  数 累计人数 人  数 累计人数
587   124    3803   541   28310
586   103    3906   560   28870
585   150    4056   547   29417
584   132    4188   568   29985
583   149    4337   571   30556
582   124    4461   574   31130
581   154    4615   561   31691
580   158    4773   551   32242
579   129    4902   605   32847
578   169    5071   626   33473
577   156    5227   592   34065
576   181    5408   616   34681
575   140    5548   607   35288
574   176    5724   601   35889
573   171    5895   592   36481
572   208    6103   623   37104
571   187    6290   627   37731
570   184    6474   589   38320
569   187    6661   606   38926
568   175    6836   628   39554
567   184    7020   624   40178
566   190    7210   635   40813
565   219    7429   590   41403
564   223    7652   609   42012
563   209    7861   630   42642
562   209    8070   669   43311
561   249    8319   633   43944
560   207    8526   675   44619
559   246    8772   680   45299
558   203    8975   651   45950
557   262    9237   690   46640
556   239    9476   719   47359
第 5 页
 2016年河北省普通高校招生文理科考生一分一档统计表
文科（含优惠分） 理科（含优惠分）
分数档次
人  数 累计人数 人  数 累计人数
555   257    9733   666   48025
554   233    9966   686   48711
553   272   10238   685   49396
552   239   10477   656   50052
551   278   10755   745   50797
550   254   11009   741   51538
549   272   11281   750   52288
548   279   11560   661   52949
547   298   11858   694   53643
546   280   12138   672   54315
545   286   12424   716   55031
544   291   12715   741   55772
543   307   13022   740   56512
542   305   13327   708   57220
541   303   13630   706   57926
540   288   13918   710   58636
539   319   14237   695   59331
538   288   14525   682   60013
537   338   14863   684   60697
536   286   15149   745   61442
535   309   15458   752   62194
534   323   15781   697   62891
533   345   16126   773   63664
532   353   16479   736   64400
531   324   16803   704   65104
530   302   17105   711   65815
529   344   17449   763   66578
528   321   17770   781   67359
527   338   18108   765   68124
526   322   18430   706   68830
525   370   18800   737   69567
524   372   19172   753   70320
第 6 页
 2016年河北省普通高校招生文理科考生一分一档统计表
文科（含优惠分） 理科（含优惠分）
分数档次
人  数 累计人数 人  数 累计人数
523   295   19467   759   71079
522   323   19790   779   71858
521   315   20105   731   72589
520   341   20446   758   73347
519   318   20764   704   74051
518   339   21103   762   74813
517   308   21411   767   75580
516   344   21755   726   76306
515   331   22086   742   77048
514   367   22453   754   77802
513   337   22790   714   78516
512   355   23145   793   79309
511   368   23513   779   80088
510   361   23874   780   80868
509   341   24215   734   81602
508   352   24567   741   82343
507   343   24910   737   83080
506   337   25247   753   83833
505   361   25608   738   84571
504   367   25975   722   85293
503   367   26342   719   86012
502   316   26658   828   86840
501   367   27025   764   87604
500   332   27357   714   88318
499   356   27713   712   89030
498   356   28069   760   89790
497   362   28431   704   90494
496   370   28801   702   91196
495   371   29172   678   91874
494   340   29512   728   92602
493   350   29862   780   93382
492   374   30236   746   94128
第 7 页
 2016年河北省普通高校招生文理科考生一分一档统计表
文科（含优惠分） 理科（含优惠分）
分数档次
人  数 累计人数 人  数 累计人数
491   343   30579   736   94864
490   346   30925   704   95568
489   368   31293   716   96284
488   336   31629   651   96935
487   343   31972   732   97667
486   328   32300   694   98361
485   323   32623   725   99086
484   335   32958   685   99771
483   353   33311   718  100489
482   333   33644   666  101155
481   372   34016   695  101850
480   356   34372   671  102521
479   316   34688   712  103233
478   335   35023   658  103891
477   328   35351   661  104552
476   371   35722   705  105257
475   324   36046   645  105902
474   366   36412   619  106521
473   352   36764   626  107147
472   359   37123   666  107813
471   383   37506   677  108490
470   304   37810   634  109124
469   347   38157   641  109765
468   363   38520   642  110407
467   348   38868   654  111061
466   323   39191   672  111733
465   356   39547   620  112353
464   365   39912   618  112971
463   356   40268   636  113607
462   331   40599   648  114255
461   334   40933   596  114851
460   368   41301   629  115480
第 8 页
 2016年河北省普通高校招生文理科考生一分一档统计表
文科（含优惠分） 理科（含优惠分）
分数档次
人  数 累计人数 人  数 累计人数
459   334   41635   640  116120
458   346   41981   631  116751
457   334   42315   572  117323
456   318   42633   615  117938
455   382   43015   619  118557
454   325   43340   624  119181
453   356   43696   604  119785
452   359   44055   624  120409
451   343   44398   637  121046
450   379   44777   622  121668
449   366   45143   587  122255
448   343   45486   655  122910
447   352   45838   587  123497
446   349   46187   565  124062
445   376   46563   570  124632
444   323   46886   577  125209
443   332   47218   573  125782
442   346   47564   595  126377
441   385   47949   558  126935
440   341   48290   602  127537
439   375   48665   570  128107
438   357   49022   592  128699
437   391   49413   577  129276
436   359   49772   569  129845
435   367   50139   553  130398
434   380   50519   585  130983
433   366   50885   545  131528
432   343   51228   524  132052
431   362   51590   559  132611
430   354   51944   572  133183
429   358   52302   556  133739
428   396   52698   584  134323
第 9 页
 2016年河北省普通高校招生文理科考生一分一档统计表
文科（含优惠分） 理科（含优惠分）
分数档次
人  数 累计人数 人  数 累计人数
427   344   53042   546  134869
426   347   53389   544  135413
425   361   53750   581  135994
424   343   54093   530  136524
423   400   54493   526  137050
422   352   54845   567  137617
421   388   55233   538  138155
420   380   55613   533  138688
419   382   55995   544  139232
418   401   56396   523  139755
417   407   56803   518  140273
416   358   57161   507  140780
415   374   57535   530  141310
414   397   57932   551  141861
413   410   58342   508  142369
412   398   58740   487  142856
411   387   59127   453  143309
410   409   59536   549  143858
409   375   59911   528  144386
408   393   60304   512  144898
407   383   60687   541  145439
406   410   61097   464  145903
405   396   61493   515  146418
404   366   61859   502  146920
403   398   62257   532  147452
402   395   62652   534  147986
401   387   63039   496  148482
400   427   63466   504  148986
399   406   63872   520  149506
398   425   64297   516  150022
397   425   64722   482  150504
396   390   65112   504  151008
第 10 页
 2016年河北省普通高校招生文理科考生一分一档统计表
文科（含优惠分） 理科（含优惠分）
分数档次
人  数 累计人数 人  数 累计人数
395   419   65531   436  151444
394   402   65933   517  151961
393   445   66378   473  152434
392   422   66800   518  152952
391   422   67222   452  153404
390   429   67651   486  153890
389   426   68077   481  154371
388   394   68471   452  154823
387   417   68888   492  155315
386   437   69325   475  155790
385   448   69773   497  156287
384   439   70212   471  156758
383   395   70607   494  157252
382   449   71056   459  157711
381   452   71508   476  158187
380   428   71936   479  158666
379   460   72396   464  159130
378   468   72864   501  159631
377   455   73319   468  160099
376   435   73754   438  160537
375   465   74219   455  160992
374   441   74660   418  161410
373   463   75123   441  161851
372   436   75559   448  162299
371   461   76020   453  162752
370   471   76491   377  163129
369   460   76951   508  163637
368   460   77411   420  164057
367   444   77855   452  164509
366   458   78313   433  164942
365   444   78757   416  165358
364   458   79215   418  165776
第 11 页
 2016年河北省普通高校招生文理科考生一分一档统计表
文科（含优惠分） 理科（含优惠分）
分数档次
人  数 累计人数 人  数 累计人数
363   402   79617   452  166228
362   455   80072   401  166629
361   454   80526   402  167031
360   483   81009   407  167438
359   479   81488   395  167833
358   431   81919   406  168239
357   445   82364   434  168673
356   461   82825   371  169044
355   413   83238   407  169451
354   424   83662   415  169866
353   446   84108   378  170244
352   438   84546   398  170642
351   414   84960   409  171051
350   433   85393   415  171466
349   460   85853   376  171842
348   469   86322   397  172239
347   425   86747   406  172645
346   424   87171   391  173036
345   409   87580   390  173426
344   422   88002   354  173780
343   452   88454   394  174174
342   386   88840   399  174573
341   428   89268   359  174932
340   454   89722   382  175314
339   420   90142   347  175661
338   426   90568   374  176035
337   426   90994   373  176408
336   414   91408   375  176783
335   449   91857   408  177191
334   451   92308   345  177536
333   420   92728   370  177906
332   412   93140   382  178288
第 12 页
 2016年河北省普通高校招生文理科考生一分一档统计表
文科（含优惠分） 理科（含优惠分）
分数档次
人  数 累计人数 人  数 累计人数
331   416   93556   373  178661
330   426   93982   364  179025
329   434   94416   348  179373
328   441   94857   366  179739
327   409   95266   388  180127
326   388   95654   341  180468
325   389   96043   325  180793
324   414   96457   334  181127
323   413   96870   345  181472
322   433   97303   317  181789
321   432   97735   316  182105
320   407   98142   337  182442
319   398   98540   342  182784
318   394   98934   331  183115
317   383   99317   353  183468
316   380   99697   317  183785
315   378  100075   331  184116
314   369  100444   319  184435
313   357  100801   343  184778
312   359  101160   300  185078
311   342  101502   325  185403
310   407  101909   337  185740
309   360  102269   324  186064
308   388  102657   336  186400
307   345  103002   317  186717
306   347  103349   355  187072
305   342  103691   279  187351
304   346  104037   326  187677
303   329  104366   284  187961
302   363  104729   321  188282
301   314  105043   331  188613
300   288  105331   286  188899
第 13 页
 2016年河北省普通高校招生文理科考生一分一档统计表
文科（含优惠分） 理科（含优惠分）
分数档次
人  数 累计人数 人  数 累计人数
299   339  105670   308  189207
298   317  105987   294  189501
297   305  106292   248  189749
296   347  106639   255  190004
295   293  106932   276  190280
294   304  107236   255  190535
293   300  107536   247  190782
292   312  107848   260  191042
291   341  108189   259  191301
290   316  108505   262  191563
289   343  108848   290  191853
288   279  109127   239  192092
287   309  109436   280  192372
286   269  109705   284  192656
285   294  109999   266  192922
284   256  110255   281  193203
283   284  110539   259  193462
282   274  110813   258  193720
281   287  111100   264  193984
280   256  111356   220  194204
279   281  111637   257  194461
278   244  111881   224  194685
277   305  112186   222  194907
276   252  112438   218  195125
275   258  112696   230  195355
274   202  112898   221  195576
273   269  113167   244  195820
272   222  113389   231  196051
271   241  113630   238  196289
270   229  113859   236  196525
269   189  114048   214  196739
268   213  114261   221  196960
第 14 页
 2016年河北省普通高校招生文理科考生一分一档统计表
文科（含优惠分） 理科（含优惠分）
分数档次
人  数 累计人数 人  数 累计人数
267   228  114489   196  197156
266   194  114683   205  197361
265   228  114911   200  197561
264   202  115113   221  197782
263   213  115326   179  197961
262   194  115520   201  198162
261   187  115707   196  198358
260   218  115925   195  198553
259   208  116133   188  198741
258   160  116293   182  198923
257   206  116499   201  199124
256   190  116689   196  199320
255   174  116863   185  199505
254   164  117027   202  199707
253   187  117214   177  199884
252   168  117382   181  200065
251   157  117539   169  200234
250   163  117702   169  200403
249   164  117866   167  200570
248   147  118013   152  200722
247   176  118189   166  200888
246   168  118357   158  201046
245   150  118507   154  201200
244   163  118670   147  201347
243   152  118822   136  201483
242   145  118967   170  201653
241   157  119124   149  201802
240   154  119278   127  201929
239   147  119425   152  202081
238   126  119551   155  202236
237   133  119684   140  202376
236   137  119821   121  202497
第 15 页
 2016年河北省普通高校招生文理科考生一分一档统计表
文科（含优惠分） 理科（含优惠分）
分数档次
人  数 累计人数 人  数 累计人数
235   140  119961   110  202607
234   145  120106   117  202724
233   115  120221   134  202858
232   126  120347    95  202953
231   123  120470   110  203063
230    99  120569   110  203173
229   107  120676   122  203295
228   114  120790   112  203407
227   111  120901   100  203507
226    98  120999   126  203633
225   104  121103    95  203728
224   111  121214   118  203846
223   110  121324   114  203960
222   113  121437   126  204086
221   110  121547   116  204202
220    91  121638   111  204313
219   102  121740    97  204410
218    97  121837   100  204510
217    84  121921    94  204604
216    91  122012   101  204705
215    93  122105    90  204795
214   102  122207    96  204891
213    95  122302    83  204974
212    89  122391    91  205065
211    85  122476    81  205146
210    73  122549    78  205224
209    77  122626    85  205309
208    66  122692    55  205364
207    91  122783    75  205439
206    70  122853   102  205541
205    56  122909    74  205615
204    72  122981    90  205705
第 16 页
 2016年河北省普通高校招生文理科考生一分一档统计表
文科（含优惠分） 理科（含优惠分）
分数档次
人  数 累计人数 人  数 累计人数
203    65  123046    70  205775
202    73  123119    62  205837
201    58  123177    68  205905
200    62  123239    70  205975
199    50  123289    68  206043
198    60  123349    70  206113
197    61  123410    67  206180
196    56  123466    69  206249
195    57  123523    63  206312
194    51  123574    57  206369
193    51  123625    46  206415
192    44  123669    60  206475
191    45  123714    45  206520
190    45  123759    58  206578
189    45  123804    54  206632
188    46  123850    59  206691
187    35  123885    52  206743
186    42  123927    41  206784
185    47  123974    44  206828
184    40  124014    44  206872
183    36  124050    43  206915
182    47  124097    42  206957
181    30  124127    44  207001
180    40  124167    37  207038
179    31  124198    38  207076
178    40  124238    49  207125
177    44  124282    36  207161
176    36  124318    48  207209
175    30  124348    28  207237
174    24  124372    27  207264
173    34  124406    31  207295
172    29  124435    40  207335
第 17 页
 2016年河北省普通高校招生文理科考生一分一档统计表
文科（含优惠分） 理科（含优惠分）
分数档次
人  数 累计人数 人  数 累计人数
171    23  124458    42  207377
170    33  124491    39  207416
169    25  124516    33  207449
168    26  124542    27  207476
167    23  124565    23  207499
166    20  124585    24  207523
165    18  124603    35  207558
164    17  124620    30  207588
163    10  124630    20  207608
162    12  124642    32  207640
161    26  124668    26  207666
160    16  124684    26  207692
159    17  124701    19  207711
158    28  124729    23  207734
157    22  124751    22  207756
156    17  124768    24  207780
155    17  124785    19  207799
154    12  124797    15  207814
153    12  124809    19  207833
152    20  124829    19  207852
151    13  124842    22  207874
150    16  124858    18  207892
149    12  124870    13  207905
148    15  124885    23  207928
147     7  124892    14  207942
146    16  124908    15  207957
145    17  124925    21  207978
144    16  124941    12  207990
143     7  124948    12  208002
142    14  124962     8  208010
141     7  124969     9  208019
140     8  124977    14  208033
第 18 页
 2016年河北省普通高校招生文理科考生一分一档统计表
文科（含优惠分） 理科（含优惠分）
分数档次
人  数 累计人数 人  数 累计人数
139    13  124990     6  208039
138     7  124997    12  208051
137     9  125006     7  208058
136    12  125018    13  208071
135     8  125026     5  208076
134     4  125030     9  208085
133     8  125038     4  208089
132     6  125044     5  208094
131    10  125054     8  208102
130     5  125059     8  208110
129     7  125066    11  208121
128     8  125074    11  208132
127     3  125077     7  208139
126     5  125082     6  208145
125     7  125089     2  208147
124     8  125097     6  208153
123     4  125101    11  208164
122     6  125107    11  208175
121     4  125111     3  208178
120     6  125117     6  208184
119     6  125123     5  208189
118    10  125133     7  208196
117     7  125140     8  208204
116     6  125146     4  208208
115     5  125151     6  208214
114     4  125155     3  208217
113     8  125163     5  208222
112     4  125167     4  208226
111     5  125172     3  208229
110     5  125177     5  208234
109     3  125180     4  208238
108     5  125185     2  208240
第 19 页
 2016年河北省普通高校招生文理科考生一分一档统计表
文科（含优惠分） 理科（含优惠分）
分数档次
人  数 累计人数 人  数 累计人数
107     7  125192     5  208245
106     3  125195     2  208247
105     2  125197     6  208253
104     5  125202     6  208259
103     2  125204  208259
102     6  125210  208259
101     6  125216     5  208264
100     3  125219     2  208266
099     2  125221     3  208269
098     2  125223     1  208270
097     2  125225     2  208272
096     3  125228     1  208273
095     4  125232     3  208276
094     3  125235     2  208278
093     4  125239     2  208280
092     2  125241     1  208281
091     1  125242     1  208282
090     3  125245     3  208285
089     6  125251     3  208288
088     4  125255     2  208290
087     1  125256     3  208293
086     6  125262     1  208294
085     5  125267     3  208297
084     4  125271     2  208299
083     1  125272     2  208301
082     2  125274     1  208302
081     3  125277     2  208304
080     2  125279     5  208309
079     5  125284     1  208310
078     3  125287  208310
077     1  125288     4  208314
076     4  125292  208314
第 20 页
 2016年河北省普通高校招生文理科考生一分一档统计表
文科（含优惠分） 理科（含优惠分）
分数档次
人  数 累计人数 人  数 累计人数
075     1  125293     4  208318
074     1  125294     1  208319
073     1  125295     1  208320
072     5  125300     1  208321
071     5  125305     2  208323
070     3  125308  208323
069     4  125312     1  208324
068     6  125318  208324
067     7  125325     2  208326
066     2  125327     1  208327
065     3  125330     1  208328
064     1  125331  208328
063     2  125333     1  208329
062     2  125335  208329
061     2  125337  208329
060     4  125341  208329
059  125341     1  208330
058     5  125346     1  208331
057     5  125351  208331
056     1  125352     1  208332
055     2  125354     1  208333
054     2  125356  208333
053     4  125360  208333
052     5  125365     1  208334
051  125365     3  208337
050     4  125369     2  208339
049     2  125371  208339
048     4  125375     1  208340
047     1  125376     1  208341
046  125376     1  208342
045     2  125378  208342
044     1  125379     3  208345
第 21 页
 2016年河北省普通高校招生文理科考生一分一档统计表
文科（含优惠分） 理科（含优惠分）
分数档次
人  数 累计人数 人  数 累计人数
043     3  125382  208345
042     1  125383     1  208346
041  125383     1  208347
040     2  125385     1  208348
039     1  125386     1  208349
038     2  125388  208349
037  125388     2  208351
036     1  125389     1  208352
035     3  125392     3  208355
034     1  125393  208355
033     2  125395  208355
032     2  125397  208355
031     4  125401     2  208357
030     5  125406     1  208358
029     5  125411  208358
028     3  125414  208358
027     1  125415  208358
026     2  125417  208358
025     1  125418     1  208359
024     1  125419  208359
023     3  125422     1  208360
022     3  125425     3  208363
021     2  125427  208363
020     3  125430     1  208364
019     1  125431     2  208366
018     6  125437  208366
017     3  125440     1  208367
015     2  125442  208367
014     6  125448     3  208370
013     3  125451     2  208372
012     6  125457  208372
011     6  125463     1  208373
第 22 页
 2016年河北省普通高校招生文理科考生一分一档统计表
文科（含优惠分） 理科（含优惠分）
分数档次
人  数 累计人数 人  数 累计人数
010     1  125464  208373
009     3  125467     1  208374
008     2  125469  208374
006     7  125476     1  208375
005     2  125478  208375
004     2  125480  208375
003     4  125484     1  208376
000  3292  128776  1849  210225
第 23 页
