 2017年河北省普通高校招生文理科考生一分一档统计表
文科（含优惠分） 理科（含优惠分）
分数档次
人  数 累计人数 人  数 累计人数
701及以上    14      14
700     4      18
699     4      22
698     2      24
697     3      27
696     5      32
695     3      35
694     5      40
693     8      48
692     6      54
691    11      65
690    15      80
689     7      87
688    15     102
687    11     113
686    12     125
685    15     140
684    12     152
683    15     167
682    21     188
681    28     216
680    12     228
679    29     257
678    27     284
677    16     300
676    30     330
675    25     355
674    30     385
673    26     411
672    32     443
671    40     483
第 1 页
 2017年河北省普通高校招生文理科考生一分一档统计表
文科（含优惠分） 理科（含优惠分）
分数档次
人  数 累计人数 人  数 累计人数
670    42     525
669    37     562
668    44     606
667及以上    15      15    40     646
666     7      22    45     691
665     2      24    47     738
664     4      28    48     786
663     2      30    50     836
662     2      32    54     890
661     4      36    71     961
660     3      39    70    1031
659     7      46    58    1089
658     6      52    58    1147
657     4      56    71    1218
656     7      63    56    1274
655     7      70    57    1331
654     5      75    54    1385
653    10      85    87    1472
652     9      94    83    1555
651    12     106    83    1638
650    13     119    85    1723
649    14     133   106    1829
648    15     148    92    1921
647    13     161   100    2021
646    11     172   102    2123
645    11     183   111    2234
644    18     201   100    2334
643    16     217   107    2441
642    18     235   108    2549
641    18     253   113    2662
640    19     272   142    2804
第 2 页
 2017年河北省普通高校招生文理科考生一分一档统计表
文科（含优惠分） 理科（含优惠分）
分数档次
人  数 累计人数 人  数 累计人数
639    28     300   109    2913
638    19     319   127    3040
637    30     349   137    3177
636    29     378   155    3332
635    34     412   142    3474
634    27     439   154    3628
633    19     458   147    3775
632    23     481   141    3916
631    39     520   150    4066
630    27     547   174    4240
629    25     572   159    4399
628    39     611   140    4539
627    24     635   161    4700
626    33     668   195    4895
625    22     690   159    5054
624    39     729   177    5231
623    41     770   174    5405
622    41     811   152    5557
621    35     846   182    5739
620    46     892   183    5922
619    36     928   200    6122
618    56     984   202    6324
617    38    1022   186    6510
616    43    1065   192    6702
615    54    1119   238    6940
614    45    1164   200    7140
613    57    1221   243    7383
612    51    1272   217    7600
611    54    1326   231    7831
610    59    1385   243    8074
609    56    1441   260    8334
第 3 页
 2017年河北省普通高校招生文理科考生一分一档统计表
文科（含优惠分） 理科（含优惠分）
分数档次
人  数 累计人数 人  数 累计人数
608    63    1504   257    8591
607    53    1557   244    8835
606    63    1620   248    9083
605    70    1690   264    9347
604    61    1751   261    9608
603    68    1819   266    9874
602    60    1879   272   10146
601    77    1956   294   10440
600    84    2040   276   10716
599    77    2117   314   11030
598    80    2197   286   11316
597    74    2271   276   11592
596    91    2362   266   11858
595    78    2440   320   12178
594    94    2534   334   12512
593    87    2621   315   12827
592    98    2719   326   13153
591    94    2813   350   13503
590   101    2914   343   13846
589    96    3010   324   14170
588    85    3095   355   14525
587    97    3192   352   14877
586    92    3284   384   15261
585   102    3386   387   15648
584   111    3497   342   15990
583   116    3613   365   16355
582   124    3737   385   16740
581   112    3849   364   17104
580   118    3967   402   17506
579   115    4082   383   17889
578   134    4216   409   18298
第 4 页
 2017年河北省普通高校招生文理科考生一分一档统计表
文科（含优惠分） 理科（含优惠分）
分数档次
人  数 累计人数 人  数 累计人数
577   110    4326   410   18708
576   115    4441   405   19113
575   121    4562   393   19506
574   131    4693   457   19963
573   121    4814   452   20415
572   143    4957   420   20835
571   141    5098   450   21285
570   160    5258   455   21740
569   146    5404   454   22194
568   158    5562   462   22656
567   157    5719   459   23115
566   117    5836   460   23575
565   171    6007   450   24025
564   162    6169   461   24486
563   173    6342   444   24930
562   160    6502   485   25415
561   179    6681   490   25905
560   180    6861   486   26391
559   154    7015   463   26854
558   190    7205   519   27373
557   164    7369   517   27890
556   191    7560   545   28435
555   184    7744   515   28950
554   186    7930   482   29432
553   179    8109   540   29972
552   160    8269   513   30485
551   195    8464   538   31023
550   179    8643   521   31544
549   168    8811   556   32100
548   191    9002   557   32657
547   199    9201   555   33212
第 5 页
 2017年河北省普通高校招生文理科考生一分一档统计表
文科（含优惠分） 理科（含优惠分）
分数档次
人  数 累计人数 人  数 累计人数
546   216    9417   529   33741
545   179    9596   531   34272
544   231    9827   569   34841
543   206   10033   592   35433
542   215   10248   611   36044
541   216   10464   591   36635
540   251   10715   589   37224
539   219   10934   583   37807
538   232   11166   570   38377
537   212   11378   600   38977
536   202   11580   605   39582
535   223   11803   576   40158
534   245   12048   612   40770
533   260   12308   633   41403
532   236   12544   605   42008
531   268   12812   616   42624
530   260   13072   594   43218
529   247   13319   597   43815
528   231   13550   637   44452
527   279   13829   620   45072
526   258   14087   660   45732
525   243   14330   625   46357
524   259   14589   629   46986
523   260   14849   608   47594
522   276   15125   646   48240
521   261   15386   615   48855
520   273   15659   629   49484
519   276   15935   684   50168
518   251   16186   647   50815
517   256   16442   674   51489
516   267   16709   710   52199
第 6 页
 2017年河北省普通高校招生文理科考生一分一档统计表
文科（含优惠分） 理科（含优惠分）
分数档次
人  数 累计人数 人  数 累计人数
515   264   16973   665   52864
514   279   17252   640   53504
513   295   17547   705   54209
512   262   17809   657   54866
511   274   18083   667   55533
510   290   18373   666   56199
509   272   18645   685   56884
508   280   18925   650   57534
507   299   19224   680   58214
506   297   19521   702   58916
505   266   19787   698   59614
504   298   20085   619   60233
503   286   20371   699   60932
502   282   20653   712   61644
501   298   20951   701   62345
500   286   21237   668   63013
499   273   21510   679   63692
498   286   21796   655   64347
497   259   22055   689   65036
496   330   22385   731   65767
495   288   22673   709   66476
494   284   22957   714   67190
493   296   23253   682   67872
492   286   23539   691   68563
491   348   23887   654   69217
490   291   24178   727   69944
489   324   24502   733   70677
488   300   24802   737   71414
487   346   25148   719   72133
486   319   25467   698   72831
485   301   25768   750   73581
第 7 页
 2017年河北省普通高校招生文理科考生一分一档统计表
文科（含优惠分） 理科（含优惠分）
分数档次
人  数 累计人数 人  数 累计人数
484   307   26075   701   74282
483   341   26416   682   74964
482   308   26724   699   75663
481   325   27049   678   76341
480   279   27328   722   77063
479   318   27646   692   77755
478   320   27966   671   78426
477   309   28275   695   79121
476   317   28592   735   79856
475   317   28909   717   80573
474   295   29204   702   81275
473   333   29537   679   81954
472   323   29860   674   82628
471   336   30196   721   83349
470   303   30499   701   84050
469   336   30835   725   84775
468   364   31199   736   85511
467   347   31546   659   86170
466   374   31920   726   86896
465   357   32277   741   87637
464   318   32595   720   88357
463   325   32920   699   89056
462   304   33224   729   89785
461   334   33558   729   90514
460   364   33922   678   91192
459   341   34263   687   91879
458   356   34619   662   92541
457   319   34938   632   93173
456   339   35277   647   93820
455   333   35610   697   94517
454   336   35946   646   95163
第 8 页
 2017年河北省普通高校招生文理科考生一分一档统计表
文科（含优惠分） 理科（含优惠分）
分数档次
人  数 累计人数 人  数 累计人数
453   344   36290   646   95809
452   338   36628   703   96512
451   360   36988   676   97188
450   350   37338   690   97878
449   347   37685   659   98537
448   336   38021   661   99198
447   306   38327   708   99906
446   306   38633   677  100583
445   364   38997   695  101278
444   342   39339   690  101968
443   350   39689   672  102640
442   350   40039   684  103324
441   321   40360   645  103969
440   374   40734   702  104671
439   348   41082   633  105304
438   336   41418   720  106024
437   334   41752   672  106696
436   363   42115   692  107388
435   317   42432   673  108061
434   345   42777   666  108727
433   371   43148   686  109413
432   347   43495   659  110072
431   352   43847   618  110690
430   341   44188   668  111358
429   324   44512   639  111997
428   340   44852   681  112678
427   357   45209   658  113336
426   321   45530   669  114005
425   367   45897   625  114630
424   365   46262   683  115313
423   391   46653   639  115952
第 9 页
 2017年河北省普通高校招生文理科考生一分一档统计表
文科（含优惠分） 理科（含优惠分）
分数档次
人  数 累计人数 人  数 累计人数
422   374   47027   630  116582
421   365   47392   626  117208
420   378   47770   692  117900
419   338   48108   660  118560
418   343   48451   643  119203
417   411   48862   644  119847
416   387   49249   642  120489
415   366   49615   635  121124
414   392   50007   623  121747
413   351   50358   642  122389
412   385   50743   681  123070
411   383   51126   648  123718
410   350   51476   640  124358
409   387   51863   608  124966
408   389   52252   629  125595
407   370   52622   627  126222
406   397   53019   628  126850
405   382   53401   696  127546
404   350   53751   608  128154
403   389   54140   667  128821
402   376   54516   631  129452
401   398   54914   590  130042
400   395   55309   636  130678
399   386   55695   593  131271
398   365   56060   591  131862
397   400   56460   581  132443
396   397   56857   582  133025
395   363   57220   610  133635
394   416   57636   610  134245
393   405   58041   606  134851
392   393   58434   617  135468
第 10 页
 2017年河北省普通高校招生文理科考生一分一档统计表
文科（含优惠分） 理科（含优惠分）
分数档次
人  数 累计人数 人  数 累计人数
391   385   58819   568  136036
390   412   59231   616  136652
389   400   59631   610  137262
388   459   60090   613  137875
387   439   60529   583  138458
386   416   60945   589  139047
385   415   61360   589  139636
384   389   61749   590  140226
383   394   62143   555  140781
382   408   62551   623  141404
381   428   62979   550  141954
380   417   63396   626  142580
379   406   63802   595  143175
378   453   64255   561  143736
377   460   64715   555  144291
376   416   65131   574  144865
375   445   65576   573  145438
374   420   65996   553  145991
373   394   66390   546  146537
372   439   66829   569  147106
371   422   67251   559  147665
370   405   67656   583  148248
369   492   68148   568  148816
368   447   68595   558  149374
367   463   69058   567  149941
366   444   69502   530  150471
365   420   69922   531  151002
364   478   70400   523  151525
363   505   70905   509  152034
362   434   71339   575  152609
361   476   71815   524  153133
第 11 页
 2017年河北省普通高校招生文理科考生一分一档统计表
文科（含优惠分） 理科（含优惠分）
分数档次
人  数 累计人数 人  数 累计人数
360   453   72268   539  153672
359   426   72694   562  154234
358   443   73137   502  154736
357   483   73620   530  155266
356   463   74083   510  155776
355   474   74557   526  156302
354   459   75016   524  156826
353   505   75521   494  157320
352   435   75956   488  157808
351   478   76434   515  158323
350   445   76879   501  158824
349   503   77382   518  159342
348   467   77849   536  159878
347   505   78354   463  160341
346   483   78837   510  160851
345   514   79351   520  161371
344   464   79815   523  161894
343   455   80270   535  162429
342   437   80707   509  162938
341   474   81181   529  163467
340   473   81654   486  163953
339   451   82105   491  164444
338   508   82613   497  164941
337   503   83116   486  165427
336   503   83619   485  165912
335   486   84105   490  166402
334   485   84590   472  166874
333   460   85050   439  167313
332   465   85515   469  167782
331   512   86027   432  168214
330   436   86463   444  168658
第 12 页
 2017年河北省普通高校招生文理科考生一分一档统计表
文科（含优惠分） 理科（含优惠分）
分数档次
人  数 累计人数 人  数 累计人数
329   474   86937   518  169176
328   467   87404   476  169652
327   468   87872   468  170120
326   463   88335   469  170589
325   486   88821   459  171048
324   536   89357   443  171491
323   491   89848   430  171921
322   401   90249   464  172385
321   417   90666   479  172864
320   494   91160   434  173298
319   476   91636   435  173733
318   490   92126   438  174171
317   454   92580   430  174601
316   426   93006   467  175068
315   426   93432   413  175481
314   445   93877   443  175924
313   425   94302   440  176364
312   441   94743   420  176784
311   449   95192   414  177198
310   449   95641   398  177596
309   445   96086   391  177987
308   410   96496   385  178372
307   419   96915   409  178781
306   409   97324   418  179199
305   385   97709   451  179650
304   485   98194   345  179995
303   428   98622   386  180381
302   451   99073   400  180781
301   416   99489   377  181158
300   432   99921   411  181569
299   407  100328   380  181949
第 13 页
 2017年河北省普通高校招生文理科考生一分一档统计表
文科（含优惠分） 理科（含优惠分）
分数档次
人  数 累计人数 人  数 累计人数
298   406  100734   364  182313
297   406  101140   383  182696
296   413  101553   394  183090
295   415  101968   381  183471
294   421  102389   391  183862
293   401  102790   371  184233
292   385  103175   364  184597
291   388  103563   366  184963
290   387  103950   339  185302
289   365  104315   371  185673
288   390  104705   331  186004
287   346  105051   366  186370
286   396  105447   385  186755
285   336  105783   351  187106
284   381  106164   378  187484
283   364  106528   334  187818
282   383  106911   345  188163
281   369  107280   310  188473
280   358  107638   357  188830
279   345  107983   303  189133
278   344  108327   333  189466
277   339  108666   309  189775
276   321  108987   324  190099
275   348  109335   320  190419
274   320  109655   308  190727
273   332  109987   311  191038
272   302  110289   315  191353
271   294  110583   298  191651
270   314  110897   280  191931
269   282  111179   288  192219
268   294  111473   297  192516
第 14 页
 2017年河北省普通高校招生文理科考生一分一档统计表
文科（含优惠分） 理科（含优惠分）
分数档次
人  数 累计人数 人  数 累计人数
267   295  111768   271  192787
266   339  112107   294  193081
265   315  112422   285  193366
264   261  112683   262  193628
263   264  112947   249  193877
262   292  113239   289  194166
261   247  113486   273  194439
260   265  113751   249  194688
259   273  114024   277  194965
258   263  114287   248  195213
257   232  114519   275  195488
256   241  114760   263  195751
255   273  115033   232  195983
254   250  115283   238  196221
253   237  115520   259  196480
252   232  115752   235  196715
251   232  115984   244  196959
250   214  116198   246  197205
249   232  116430   220  197425
248   189  116619   219  197644
247   224  116843   222  197866
246   217  117060   235  198101
245   214  117274   215  198316
244   215  117489   198  198514
243   220  117709   242  198756
242   168  117877   215  198971
241   202  118079   212  199183
240   197  118276   217  199400
239   189  118465   212  199612
238   176  118641   190  199802
237   187  118828   202  200004
第 15 页
 2017年河北省普通高校招生文理科考生一分一档统计表
文科（含优惠分） 理科（含优惠分）
分数档次
人  数 累计人数 人  数 累计人数
236   184  119012   186  200190
235   155  119167   191  200381
234   176  119343   176  200557
233   167  119510   193  200750
232   158  119668   168  200918
231   143  119811   175  201093
230   159  119970   159  201252
229   162  120132   175  201427
228   141  120273   161  201588
227   160  120433   153  201741
226   141  120574   151  201892
225   130  120704   155  202047
224   143  120847   156  202203
223   138  120985   121  202324
222   130  121115   153  202477
221   151  121266   146  202623
220   117  121383   141  202764
219   135  121518   129  202893
218   123  121641   150  203043
217   147  121788   157  203200
216   146  121934   140  203340
215   113  122047   124  203464
214   115  122162   121  203585
213   141  122303   129  203714
212   115  122418   111  203825
211   106  122524   133  203958
210    90  122614   110  204068
209   116  122730   127  204195
208   122  122852   107  204302
207   119  122971   129  204431
206   104  123075    99  204530
第 16 页
 2017年河北省普通高校招生文理科考生一分一档统计表
文科（含优惠分） 理科（含优惠分）
分数档次
人  数 累计人数 人  数 累计人数
205   116  123191   118  204648
204    91  123282   112  204760
203    77  123359    92  204852
202    87  123446    78  204930
201    82  123528    94  205024
200    96  123624    95  205119
199    89  123713    74  205193
198    88  123801    88  205281
197    77  123878    88  205369
196    78  123956    82  205451
195    75  124031    77  205528
194    82  124113    79  205607
193    77  124190    97  205704
192    76  124266    73  205777
191    90  124356    66  205843
190    78  124434    90  205933
189    66  124500    70  206003
188    78  124578    69  206072
187    51  124629    58  206130
186    73  124702    72  206202
185    55  124757    52  206254
184    69  124826    70  206324
183    61  124887    52  206376
182    53  124940    58  206434
181    53  124993    56  206490
180    52  125045    52  206542
179    61  125106    70  206612
178    57  125163    49  206661
177    55  125218    60  206721
176    48  125266    53  206774
175    49  125315    49  206823
第 17 页
 2017年河北省普通高校招生文理科考生一分一档统计表
文科（含优惠分） 理科（含优惠分）
分数档次
人  数 累计人数 人  数 累计人数
174    48  125363    51  206874
173    49  125412    42  206916
172    45  125457    50  206966
171    49  125506    48  207014
170    31  125537    47  207061
169    38  125575    38  207099
168    38  125613    43  207142
167    36  125649    39  207181
166    40  125689    34  207215
165    39  125728    32  207247
164    38  125766    29  207276
163    35  125801    43  207319
162    31  125832    39  207358
161    38  125870    32  207390
160    32  125902    30  207420
159    36  125938    29  207449
158    36  125974    33  207482
157    27  126001    27  207509
156    29  126030    26  207535
155    28  126058    25  207560
154    33  126091    27  207587
153    29  126120    29  207616
152    21  126141    17  207633
151    25  126166    27  207660
150    28  126194    19  207679
149    20  126214    21  207700
148    22  126236    17  207717
147    21  126257    22  207739
146    22  126279    18  207757
145    19  126298    19  207776
144    30  126328    18  207794
第 18 页
 2017年河北省普通高校招生文理科考生一分一档统计表
文科（含优惠分） 理科（含优惠分）
分数档次
人  数 累计人数 人  数 累计人数
143    11  126339    17  207811
142    15  126354    10  207821
141    14  126368    14  207835
140    16  126384    13  207848
139    18  126402    14  207862
138    14  126416    13  207875
137    18  126434    11  207886
136    15  126449    12  207898
135    23  126472    13  207911
134    18  126490    16  207927
133     8  126498     7  207934
132    15  126513     9  207943
131    17  126530     8  207951
130     9  126539     9  207960
129    13  126552    12  207972
128     9  126561     5  207977
127    13  126574     9  207986
126     6  126580    14  208000
125    12  126592     8  208008
124     7  126599     6  208014
123     8  126607     7  208021
122    13  126620     5  208026
121    12  126632     6  208032
120    12  126644     5  208037
119     7  126651     7  208044
118    10  126661     6  208050
117     9  126670     6  208056
116     8  126678     6  208062
115    15  126693     4  208066
114     7  126700     4  208070
113    11  126711     7  208077
第 19 页
 2017年河北省普通高校招生文理科考生一分一档统计表
文科（含优惠分） 理科（含优惠分）
分数档次
人  数 累计人数 人  数 累计人数
112    11  126722     2  208079
111     5  126727     7  208086
110     6  126733     3  208089
109     7  126740     2  208091
108     8  126748     5  208096
107     5  126753     3  208099
106     5  126758     4  208103
105     3  126761     6  208109
104     6  126767     6  208115
103     2  126769     3  208118
102     7  126776     1  208119
101     4  126780     4  208123
100     5  126785     1  208124
099     9  126794     5  208129
098     4  126798     1  208130
097     6  126804     4  208134
096     4  126808     2  208136
095     4  126812     3  208139
094     3  126815     1  208140
093     5  126820     7  208147
092     3  126823  208147
091     3  126826     6  208153
090     4  126830     3  208156
089     1  126831     1  208157
088     4  126835     2  208159
087     6  126841     2  208161
086  126841     3  208164
085     5  126846     1  208165
084     3  126849     1  208166
083     4  126853     1  208167
082     4  126857     3  208170
第 20 页
 2017年河北省普通高校招生文理科考生一分一档统计表
文科（含优惠分） 理科（含优惠分）
分数档次
人  数 累计人数 人  数 累计人数
080     1  126858  208170
079     2  126860     1  208171
078     3  126863     3  208174
077     8  126871  208174
076     2  126873     3  208177
075     2  126875     2  208179
074     2  126877  208179
073     5  126882     3  208182
072     1  126883     1  208183
071     2  126885     1  208184
070     3  126888     1  208185
069     1  126889     2  208187
068     1  126890     3  208190
067     3  126893  208190
066  126893     1  208191
065     4  126897     2  208193
064     2  126899     2  208195
063     2  126901  208195
062     2  126903     2  208197
061     5  126908     2  208199
060     3  126911     1  208200
059     4  126915  208200
058     2  126917     1  208201
057     4  126921     1  208202
056     3  126924     1  208203
054     4  126928     3  208206
053     4  126932  208206
052     2  126934  208206
051     3  126937     1  208207
050     1  126938  208207
049     4  126942  208207
第 21 页
 2017年河北省普通高校招生文理科考生一分一档统计表
文科（含优惠分） 理科（含优惠分）
分数档次
人  数 累计人数 人  数 累计人数
048     1  126943  208207
047     1  126944     2  208209
046     1  126945     1  208210
045     3  126948     3  208213
044     1  126949     1  208214
043     1  126950  208214
042     2  126952     1  208215
041     1  126953  208215
040     3  126956  208215
039     3  126959     1  208216
038     3  126962  208216
037     1  126963     1  208217
036     1  126964  208217
035     6  126970  208217
034     3  126973     1  208218
032     5  126978     1  208219
031     2  126980  208219
030     1  126981  208219
028     4  126985  208219
027     1  126986  208219
026     2  126988     4  208223
025     2  126990  208223
024     2  126992  208223
023     4  126996  208223
022     4  127000  208223
021     4  127004  208223
020     2  127006     1  208224
019     2  127008  208224
018     1  127009     2  208226
017     5  127014     1  208227
016     2  127016     2  208229
第 22 页
 2017年河北省普通高校招生文理科考生一分一档统计表
文科（含优惠分） 理科（含优惠分）
分数档次
人  数 累计人数 人  数 累计人数
015     6  127022     1  208230
014  127022     1  208231
013     2  127024  208231
012     2  127026     1  208232
011     2  127028  208232
010     3  127031     1  208233
009     1  127032     1  208234
008     1  127033     1  208235
007     2  127035     1  208236
006     1  127036  208236
005     2  127038     2  208238
003     1  127039     1  208239
002     1  127040  208239
000  4179  131219  2066  210305
第 23 页
